StaticBNT: 43.398951824509574
StaticBT: 56.60104817549042

TwoLevel2B_1: 71.13785772374916
TwoLevel3B: 76.23118324760938

Correlation2B_1: 86.57759298689326
Correlation3B: 88.75162823766996

Bimodal2B_1: 84.131689560594
Bimodal3B_1: 87.46638455480381

GShare2B_1: 70.58427030057013
GShare3B_1: 75.34340890997352

Tournament2B_1: 77.36443131206109
Tournament3B_1: 84.18581691889516